Char Prob Code #bits Entropy
q    0   0000000000000000000000000000   28   0
k    0   0000000000000000000000000001   28   0
W    0   000000000000000000000000001   27   0
U    0   00000000000000000000000001   26   0
T    0   0000000000000000000000001   25   0
S    0   000000000000000000000001   24   0
P    0   00000000000000000000001   23   0
N    0   0000000000000000000001   22   0
L    0   000000000000000000001   21   0
I    0   00000000000000000001   20   0
G    0   0000000000000000001   19   0
F    0   000000000000000001   18   0
C    0   00000000000000001   17   0
B    0   0000000000000001   16   0
A    0   000000000000001   15   0
9    0   00000000000001   14   0
8    0   0000000000001   13   0
6    0   000000000001   12   0
3    0   00000000001   11   0
1    0   0000000001   10   0
.    0   000000001   9   0
'    0   00000001   8   0
y    1   0000001   7   7
y    1   000001   6   6
w    1   000110   6   6
v    1   000111   6   6
u    1   000100   6   6
p    1   000101   6   6
m    1   1010010   7   7
b    1   1010011   7   7
,    1   101000   6   6
g    2   00001   5   10
f    2   111010   6   12
c    2   111011   6   12
s    3   10101   5   15
l    3   11100   5   15
d    4   0100   4   16
i    5   0101   4   20
r    6   1011   4   24
n    6   1000   4   24
h    6   1001   4   24
o    7   1111   4   28
a    8   001   3   24
t    10   011   3   30
e    13   110   3   39
Total entropy:3.5